2153 -39 24.8025 1001.49 23.59 1010.18 25.6301 51.3575 138659
2154 -39 24.8049 1001.51 23.5956 1010.18 25.5772 51.3456 138201
2155 -39 24.8174 1001.54 23.6017 1010.18 25.6089 51.3337 138659
2156 -40 24.8248 1001.52 23.6073 1010.18 25.6089 51.3091 138087
2157 -39 24.8223 1001.55 23.6128 1010.18 25.6195 51.3288 138087
2158 -39 24.8174 1001.53 23.6177 1010.17 25.6406 51.2851 138544
2159 -39 24.8148 1001.54 23.6236 1010.18 25.5984 51.2732 137408
2160 -39 24.8199 1001.54 23.6298 1010.18 25.5561 51.255 137747
2161 -39 24.8199 1001.53 23.6349 1010.18 25.5561 51.2557 138087
2162 -39 24.8049 1001.52 23.6394 1010.19 25.5244 51.2246 138659
2163 -39 24.79 1001.55 23.6437 1010.19 25.4927 51.2188 139004
2164 -38 24.7826 1001.56 23.6491 1010.19 25.5032 51.2069 138201
2165 -39 24.7777 1001.51 23.6552 1010.2 25.4609 51.2077 138544
2166 -39 24.7701 1001.52 23.661 1010.19 25.4715 51.1831 138201
2167 -39 24.7727 1001.55 23.6677 1010.2 25.4609 51.1586 137860
2168 -39 24.7701 1001.51 23.6732 1010.19 25.5244 51.1657 137295
2169 -39 24.7777 1001.46 23.6782 1010.18 25.5666 51.141 137860
2170 -38 24.7777 1001.51 23.6849 1010.18 25.6301 51.1355 138087
2171 -39 24.7801 1001.52 23.6911 1010.18 25.6301 51.1174 138087
2172 -39 24.7875 1001.51 23.6976 1010.18 25.5984 51.0992 137860
2173 -39 24.7852 1001.52 23.7025 1010.18 25.5666 51.0872 136958
2174 -39 24.7852 1001.52 23.7083 1010.19 25.5455 51.0753 137295
2175 -39 24.7926 1001.53 23.7152 1010.18 25.5666 51.0762 137520
2176 -40 24.7975 1001.51 23.7202 1010.18 25.5984 51.0515 136846
